4294967294,0
4294967279,28
4294967279,27
4294967278,223
4294967279,465
4294967278,221
4294967278,219
4294967278,217
4294967278,399
4294967278,384
4294967278,362
4294967278,383
4294967279,23
4294967278,361
4294967279,21
4294967279,19
4294967279,18
4294967279,17
4294967278,389
4294967278,381
4294967278,359
4294967278,380
4294967278,325
4294967279,464
4294967278,324
4294967279,16
4294967279,15
4294967278,357
4294967279,463
4294967278,356
4294967279,197
4294967278,323
4294967279,12
4294967279,11
4294967279,10
4294967278,352
4294967279,411
4294967278,322
4294967278,350
4294967278,377
4294967279,441
4294967278,321
4294967278,375
4294967278,320
4294967279,386
4294967278,374
4294967278,376
4294967279,408
4294967278,349
4294967279,440
4294967279,456
4294967279,406
4294967279,384
4294967279,438
4294967294,51
4294967294,50
4294967294,498
4294967294,439
4294967294,417
4294967294,52
4294967294,104
4294967294,106
4294967294,180
4294967294,175
4294967294,183
4294967294,176
4294967294,82
4294967294,1248
4294967294,93
4294967294,95
4294967294,81
4294967294,1249
4294967294,68
4294967294,11
4294967279,313
4294967279,311
4294967279,158
4294967279,445
4294967279,436
4294967279,462
4294967279,461
4294967279,277
4294967279,276
4294967279,289
4294967278,260
4294967279,288
4294967279,268
4294967279,286
4294967279,299
4294967279,285
4294967279,402
4294967279,261
4294967279,275
4294967278,398
4294967278,347
4294967278,0
4294967279,281
4294967278,339
4294967278,337
4294967278,336
4294967278,256
4294967278,335
4294967279,459
4294967278,334
4294967278,255
4294967278,333
4294967278,332
4294967278,330
4294967278,363
4294967278,251
4294967278,249
4294967278,245
4294967278,243
4294967294,22
4294967294,17
4294967294,67
4294967294,43
4294967294,497
4294967294,25
4294967294,26
4294967294,1163
4294967294,83
4294967278,241
4294967294,7
4294967278,239
4294967294,6
4294967278,132
4294967278,131
4294967278,130
4294967278,129
4294967278,128
4294967278,127
4294967278,126
4294967278,125
4294967278,124
4294967278,123
4294967278,122
4294967278,121
4294967278,120
4294967278,119
4294967278,118
4294967278,117
4294967278,116
4294967278,115
4294967278,112
4294967278,111
4294967278,110
4294967278,109
4294967278,108
4294967278,107
4294967278,106
4294967278,105
4294967278,104
4294967278,103
4294967278,215
4294967278,102
4294967278,101
4294967278,100
4294967278,99
4294967278,98
4294967278,97
4294967278,327
4294967278,96
4294967278,326
4294967278,95
4294967278,94
4294967278,360
4294967278,93
4294967278,92
4294967278,382
4294967278,91
4294967278,90
4294967278,89
4294967278,87
4294967278,86
4294967278,85
4294967278,84
4294967278,83
4294967278,355
4294967278,82
4294967278,81
4294967278,388
4294967278,80
4294967278,353
4294967278,79
4294967278,78
4294967278,77
4294967278,76
4294967278,75
4294967278,74
4294967278,73
4294967278,72
4294967278,319
4294967278,71
4294967278,396
4294967278,70
4294967278,69
4294967278,68
4294967278,67
4294967278,348
4294967278,66
4294967278,65
4294967278,64
4294967279,420
4294967279,412
4294967279,418
4294967279,86
4294967279,85
4294967279,83
4294967279,78
4294967279,409
4294967279,76
4294967279,75
4294967279,387
4294967279,73
4294967279,68
4294967279,449
4294967279,66
4294967279,65
4294967279,63
4294967279,59
4294967279,439
4294967279,56
4294967279,54
4294967279,52
4294967279,49
4294967279,48
4294967279,454
4294967279,46
4294967279,42
4294967279,39
4294967279,403
4294967279,309
4294967279,35
4294967279,308
4294967279,34
4294967279,33
4294967279,433
4294967279,30
4294967279,0
4294967279,26
4294967279,25
4294967279,24
4294967279,22
4294967279,303
4294967279,20
4294967279,301
4294967279,14
4294967279,13
4294967279,9
4294967279,8
4294967279,7
4294967279,6
4294967279,5
4294967279,4
4294967278,114
4294967278,329
4294967278,113
4294967278,392
0,5
4294967278,234
4294967294,5
4294967294,1087
177,5
177,4
177,3
177,2
177,1
175,5
175,4
175,3
175,2
175,1
4294967294,1427
4294967294,1426
174,4
174,3
174,2
174,1
173,5
173,4
173,3
173,2
173,1
172,4
172,3
172,2
172,1
171,4
171,3
171,2
171,1
4294967278,397
4294967294,1425
4294967294,1424
4294967294,1422
4294967294,1423
170,6
170,5
170,4
170,3
170,2
170,1
169,4
169,3
169,2
169,1
168,5
168,4
168,3
168,2
168,1
167,4
167,3
167,2
167,1
4294967279,278
4294967279,450
4294967294,470
4294967278,287
4294967293,131
4294967293,130
4294967293,129
4294967293,128
4294967293,127
4294967293,126
4294967293,125
4294967293,124
4294967293,123
4294967293,122
4294967293,121
4294967293,120
4294967293,119
4294967293,118
4294967293,117
4294967293,116
4294967293,115
4294967293,114
4294967293,113
